# predicted action chunks concatenated (20*16, 7)
-0.054527 0.228162 -0.345909 0.089311 0.482055 -0.029124 0.081115
-0.047521 0.265865 -0.371504 0.082403 0.475495 -0.053110 0.081167
-0.056652 0.284978 -0.404455 0.091801 0.493742 -0.030835 0.081089
-0.045040 0.308243 -0.425970 0.081392 0.493039 -0.055494 0.081177
-0.046489 0.368507 -0.435987 0.083443 0.505567 -0.042020 0.081115
-0.031555 0.380718 -0.492319 0.075471 0.501913 -0.056547 0.081145
-0.042043 0.422173 -0.498234 0.083946 0.510174 -0.042549 0.081111
-0.035421 0.428792 -0.536439 0.072688 0.521149 -0.057396 0.081164
-0.041030 0.505493 -0.578672 0.079650 0.535925 -0.040474 0.081166
-0.024762 0.536244 -0.612623 0.066646 0.525149 -0.052909 0.081204
-0.026603 0.548652 -0.627147 0.077743 0.552379 -0.037682 0.081165
-0.017902 0.583736 -0.652021 0.067099 0.540732 -0.051567 0.081223
-0.019334 0.618527 -0.665711 0.067792 0.548231 -0.044062 0.081181
-0.011078 0.639730 -0.700229 0.063607 0.539817 -0.056744 0.081232
-0.009862 0.655519 -0.710840 0.072373 0.558706 -0.039425 0.081217
-0.007880 0.669890 -0.727850 0.061665 0.556672 -0.051954 0.081207
-0.012970 0.715089 -0.732097 0.076549 0.521025 -0.056490 0.081154
-0.004437 0.759193 -0.725766 0.071080 0.529783 -0.081594 0.081126
-0.013599 0.757288 -0.741074 0.086565 0.517826 -0.067472 0.081182
0.007033 0.781741 -0.746067 0.076096 0.522364 -0.090894 0.081135
0.007704 0.789793 -0.754798 0.081909 0.525010 -0.090173 0.081131
0.022817 0.825812 -0.782054 0.071605 0.516842 -0.101247 0.081144
0.003635 0.829189 -0.762385 0.081187 0.519485 -0.097496 0.081180
0.024917 0.843503 -0.795829 0.071285 0.507059 -0.110516 0.081164
0.031293 0.844581 -0.829946 0.073282 0.509398 -0.109159 0.081155
0.040279 0.890872 -0.807329 0.062713 0.511544 -0.121888 0.081144
0.036554 0.884469 -0.817421 0.076369 0.511323 -0.114097 0.081208
0.057763 0.899822 -0.810640 0.070693 0.506958 -0.127569 0.081170
0.054714 0.899343 -0.849066 0.070019 0.502831 -0.129176 0.081131
0.062323 0.939405 -0.838796 0.064167 0.497739 -0.136777 0.081194
0.050815 0.936212 -0.842419 0.074593 0.504437 -0.131099 0.081221
0.075777 0.940819 -0.836662 0.067418 0.494388 -0.140640 0.081167
0.058686 0.955818 -0.852791 0.075895 0.509588 -0.149187 0.081154
0.074037 0.981080 -0.850731 0.074231 0.512877 -0.152834 0.081091
0.069969 0.994954 -0.866654 0.082904 0.505432 -0.152591 0.081225
0.088948 1.009446 -0.865243 0.079908 0.502738 -0.162065 0.081147
0.073538 1.025871 -0.890723 0.090490 0.507648 -0.155293 0.081181
0.088131 1.038598 -0.889086 0.081498 0.508570 -0.174847 0.081114
0.085483 1.069381 -0.900148 0.090760 0.509586 -0.161608 0.081238
0.095408 1.076255 -0.902351 0.084363 0.498824 -0.178727 0.081184
0.090409 1.085866 -0.934704 0.092943 0.514849 -0.167730 0.081205
0.100216 1.135499 -0.926205 0.092794 0.517629 -0.171578 0.081145
0.101796 1.128754 -0.950336 0.098254 0.521787 -0.175842 0.081254
0.117574 1.156270 -0.949395 0.093264 0.517740 -0.173675 0.081196
0.115461 1.149288 -0.959859 0.098683 0.507933 -0.173155 0.081222
0.111239 1.184066 -0.961267 0.100988 0.512518 -0.182398 0.081205
0.118953 1.193570 -0.979233 0.103678 0.520661 -0.180108 0.081279
0.126754 1.206884 -0.978584 0.099766 0.515773 -0.181149 0.081213
0.099361 1.208216 -0.977552 0.102238 0.513274 -0.177957 0.081146
0.111225 1.249102 -0.991676 0.104500 0.511316 -0.189458 0.081102
0.112775 1.248231 -0.992677 0.125875 0.514449 -0.195931 0.081108
0.110459 1.277430 -1.005587 0.124380 0.506633 -0.207449 0.081151
0.097927 1.284169 -1.007965 0.135533 0.506207 -0.207173 0.081162
0.114401 1.317832 -1.014754 0.145167 0.512454 -0.218585 0.081120
0.111846 1.327117 -1.014621 0.152483 0.507984 -0.226727 0.081118
0.102873 1.348391 -1.013817 0.160793 0.507647 -0.233192 0.081176
0.101090 1.370399 -1.022012 0.168901 0.516781 -0.227732 0.081179
0.116576 1.399364 -1.030201 0.173197 0.513563 -0.240945 0.081147
0.111964 1.403633 -1.024667 0.184276 0.521255 -0.246444 0.081130
0.117496 1.411257 -1.047360 0.185738 0.516428 -0.259031 0.081224
0.110230 1.431044 -1.037092 0.194742 0.507734 -0.249049 0.081195
0.118027 1.454987 -1.053344 0.203049 0.504745 -0.262957 0.081191
0.113263 1.464038 -1.040230 0.210137 0.515858 -0.263756 0.081172
0.115792 1.465005 -1.051253 0.213383 0.510892 -0.275684 0.081219
0.111023 1.450103 -1.057611 0.222862 0.505360 -0.275533 0.081152
0.119359 1.498415 -1.048077 0.216458 0.517354 -0.282391 0.081213
0.122114 1.479721 -1.053342 0.223440 0.505983 -0.281697 0.081151
0.135313 1.511672 -1.047101 0.222316 0.514226 -0.276814 0.081188
0.128842 1.493123 -1.050422 0.222938 0.479115 -0.278589 0.081170
0.152575 1.510638 -1.042185 0.220824 0.495965 -0.285382 0.081218
0.140365 1.520519 -1.041471 0.217875 0.481346 -0.280340 0.081179
0.153878 1.527328 -1.037379 0.226058 0.490411 -0.280111 0.081194
0.161559 1.522846 -1.037860 0.224071 0.464255 -0.278317 0.081207
0.166792 1.556347 -1.024957 0.220029 0.466539 -0.282989 0.081213
0.171685 1.548868 -1.032243 0.224530 0.464646 -0.282249 0.081229
0.180785 1.567816 -1.015247 0.221227 0.463189 -0.275918 0.081217
0.182544 1.551828 -1.024135 0.224094 0.439762 -0.279985 0.081216
0.193679 1.573846 -1.018320 0.222968 0.443269 -0.283085 0.081255
0.181803 1.576291 -1.024232 0.225140 0.440856 -0.279104 0.081263
0.199377 1.579526 -1.010670 0.222675 0.432053 -0.275260 0.081220
0.189461 1.565455 -0.992328 0.222989 0.406783 -0.284021 0.081188
0.209526 1.604749 -0.981410 0.219817 0.409653 -0.294265 0.081177
0.205332 1.576807 -0.985674 0.219424 0.383174 -0.295467 0.081136
0.219772 1.617444 -0.980463 0.223747 0.385445 -0.286402 0.081137
0.204104 1.597732 -0.978175 0.223657 0.369416 -0.284188 0.081177
0.239243 1.614105 -0.969215 0.222011 0.369155 -0.293817 0.081168
0.222523 1.610766 -0.971248 0.217965 0.346123 -0.292789 0.081138
0.237874 1.630729 -0.964137 0.225941 0.349561 -0.288698 0.081124
0.234258 1.627030 -0.945572 0.224651 0.330530 -0.282803 0.081218
0.251627 1.646739 -0.929461 0.228293 0.327769 -0.285345 0.081148
0.254661 1.650176 -0.930492 0.224805 0.308680 -0.288564 0.081181
0.261621 1.663923 -0.930042 0.230830 0.305930 -0.278926 0.081162
0.252286 1.653886 -0.926430 0.225447 0.298793 -0.282905 0.081212
0.272389 1.661702 -0.917346 0.227064 0.295674 -0.282454 0.081177
0.266532 1.676130 -0.919261 0.227932 0.278081 -0.286164 0.081209
0.276447 1.674480 -0.918292 0.228553 0.272626 -0.276249 0.081135
0.254261 1.678146 -0.927277 0.221117 0.265918 -0.284107 0.081174
0.265298 1.703880 -0.925640 0.218826 0.263791 -0.295767 0.081129
0.262630 1.691755 -0.926453 0.222952 0.253083 -0.287942 0.081107
0.270289 1.706057 -0.929816 0.221826 0.250790 -0.297097 0.081136
0.264323 1.701370 -0.931938 0.221642 0.243216 -0.287124 0.081184
0.275082 1.722688 -0.933824 0.219130 0.249604 -0.293378 0.081121
0.275240 1.716929 -0.929962 0.218801 0.228328 -0.290852 0.081111
0.272013 1.729907 -0.936108 0.221561 0.242333 -0.298943 0.081138
0.272227 1.737211 -0.922909 0.221837 0.233506 -0.288307 0.081208
0.278359 1.756491 -0.919967 0.226738 0.221771 -0.288745 0.081144
0.286457 1.763628 -0.919199 0.220207 0.229603 -0.289562 0.081142
0.285965 1.760916 -0.922333 0.222401 0.214824 -0.290929 0.081181
0.283853 1.760670 -0.920038 0.221716 0.216703 -0.286481 0.081211
0.286236 1.775880 -0.927150 0.225981 0.206102 -0.287114 0.081165
0.294580 1.784051 -0.925188 0.221929 0.210858 -0.289565 0.081167
0.290065 1.776377 -0.929547 0.221540 0.205371 -0.291021 0.081170
0.270760 1.786358 -0.915264 0.222719 0.185989 -0.276027 0.081189
0.270762 1.793839 -0.923242 0.224111 0.178132 -0.282731 0.081109
0.285983 1.797736 -0.925243 0.227505 0.194665 -0.278104 0.081222
0.274628 1.800676 -0.928706 0.226214 0.184498 -0.284929 0.081150
0.275148 1.794140 -0.931825 0.226201 0.195302 -0.277499 0.081227
0.268980 1.792765 -0.930038 0.223397 0.187968 -0.278811 0.081131
0.292655 1.803669 -0.936132 0.225534 0.193679 -0.280704 0.081235
0.270725 1.804855 -0.932494 0.225568 0.194208 -0.283841 0.081169
0.277204 1.813526 -0.927969 0.225647 0.205713 -0.275380 0.081252
0.274039 1.816258 -0.925980 0.229230 0.198904 -0.275609 0.081162
0.296765 1.827116 -0.930536 0.226631 0.209102 -0.276771 0.081255
0.281083 1.817260 -0.936329 0.229504 0.200894 -0.278324 0.081218
0.286137 1.822131 -0.935316 0.228991 0.211918 -0.274024 0.081272
0.273370 1.815656 -0.941923 0.229643 0.201580 -0.271751 0.081203
0.298968 1.833185 -0.943647 0.229589 0.208371 -0.277900 0.081290
0.280797 1.817630 -0.950066 0.230567 0.206925 -0.276785 0.081216
0.271367 1.800564 -0.911780 0.221430 0.177269 -0.255503 0.081185
0.264359 1.802906 -0.926255 0.226090 0.173728 -0.267333 0.081126
0.283660 1.809553 -0.925659 0.226786 0.194309 -0.258979 0.081228
0.265239 1.812682 -0.931076 0.227218 0.181112 -0.270141 0.081175
0.273715 1.805821 -0.933921 0.225329 0.199753 -0.258829 0.081223
0.259592 1.801190 -0.934039 0.224616 0.192712 -0.264172 0.081141
0.287930 1.812164 -0.941908 0.225228 0.210400 -0.263797 0.081236
0.258744 1.816166 -0.936289 0.225493 0.200053 -0.268756 0.081172
0.272504 1.827392 -0.935287 0.224224 0.220657 -0.255759 0.081265
0.269365 1.826937 -0.939079 0.228281 0.225896 -0.262978 0.081174
0.291347 1.838828 -0.941341 0.225843 0.232870 -0.257471 0.081263
0.271264 1.830024 -0.953769 0.227897 0.235913 -0.264327 0.081235
0.279986 1.833288 -0.947098 0.228518 0.237560 -0.257200 0.081291
0.265014 1.824999 -0.960456 0.228080 0.235917 -0.259151 0.081211
0.293200 1.841552 -0.959218 0.228726 0.246456 -0.262493 0.081290
0.268006 1.827455 -0.972889 0.227862 0.248974 -0.262370 0.081210
0.261542 1.852983 -0.973968 0.220966 0.287582 -0.255955 0.081144
0.252823 1.862773 -1.017010 0.227336 0.296415 -0.274509 0.081134
0.263619 1.860373 -0.991523 0.223244 0.302890 -0.259528 0.081207
0.258782 1.852634 -1.007703 0.226068 0.321525 -0.269458 0.081208
0.261844 1.854392 -1.003293 0.224257 0.327253 -0.269380 0.081176
0.245533 1.878074 -1.024995 0.218838 0.337472 -0.277661 0.081161
0.270744 1.864233 -1.019367 0.222413 0.344889 -0.269263 0.081174
0.247608 1.862844 -1.013419 0.221703 0.361772 -0.273074 0.081147
0.269055 1.895023 -1.024876 0.212457 0.384200 -0.260375 0.081270
0.266196 1.896679 -1.060411 0.222042 0.392443 -0.274568 0.081157
0.276635 1.900116 -1.035996 0.211793 0.394974 -0.256996 0.081269
0.266855 1.892164 -1.077880 0.224863 0.413085 -0.266387 0.081241
0.271706 1.890354 -1.046372 0.208812 0.407949 -0.273896 0.081275
0.257012 1.903253 -1.082409 0.215956 0.420316 -0.279466 0.081151
0.277688 1.894639 -1.065043 0.211105 0.421507 -0.270221 0.081243
0.259624 1.892319 -1.096594 0.221610 0.437694 -0.268633 0.081113
0.247529 1.886637 -1.078238 0.208851 0.438062 -0.272210 0.081088
0.234330 1.899063 -1.094660 0.212069 0.443049 -0.276893 0.080832
0.237768 1.881836 -1.087339 0.209531 0.444830 -0.273082 0.080412
0.208053 1.901319 -1.093536 0.218927 0.444780 -0.274799 0.079400
0.232653 1.875777 -1.081282 0.207765 0.449937 -0.269474 0.077642
0.217010 1.915759 -1.101085 0.213274 0.444689 -0.272810 0.076800
0.244645 1.879844 -1.080637 0.204683 0.450149 -0.268839 0.076183
0.190779 1.909488 -1.097211 0.215916 0.448477 -0.274639 0.075393
0.258686 1.921995 -1.077498 0.204304 0.449985 -0.269926 0.074684
0.247364 1.910092 -1.089658 0.212814 0.463656 -0.270000 0.074054
0.251746 1.909519 -1.080726 0.206971 0.453897 -0.268102 0.074039
0.219823 1.908820 -1.087415 0.213613 0.460531 -0.263491 0.073736
0.254390 1.907045 -1.070728 0.204476 0.459064 -0.266136 0.073685
0.247669 1.926406 -1.093418 0.211956 0.465729 -0.266581 0.073426
0.251740 1.900243 -1.076824 0.205576 0.458309 -0.266336 0.073503
0.222104 1.913006 -1.092184 0.212192 0.464099 -0.261295 0.073466
0.237232 1.911205 -1.080467 0.199366 0.456573 -0.272785 0.073337
0.272731 1.888857 -1.084610 0.194284 0.460527 -0.262560 0.073395
0.238831 1.895269 -1.090429 0.202025 0.468344 -0.272190 0.073335
0.268593 1.885557 -1.084349 0.197196 0.474661 -0.262588 0.073340
0.227970 1.870522 -1.082963 0.198956 0.482860 -0.273349 0.073334
0.269007 1.862203 -1.091273 0.191867 0.480547 -0.262672 0.073384
0.230963 1.858662 -1.086957 0.196762 0.487308 -0.270475 0.073333
0.257240 1.857160 -1.091023 0.193036 0.493644 -0.261994 0.073354
0.244522 1.831857 -1.081076 0.198409 0.506043 -0.274144 0.073377
0.260772 1.816521 -1.088343 0.196290 0.511852 -0.259417 0.073358
0.243412 1.810046 -1.084991 0.197672 0.514065 -0.269649 0.073377
0.248926 1.806289 -1.088640 0.196284 0.522681 -0.256843 0.073338
0.228614 1.774521 -1.077092 0.197702 0.523299 -0.270485 0.073377
0.250911 1.790416 -1.091982 0.196363 0.529987 -0.260177 0.073412
0.224727 1.764402 -1.085501 0.199513 0.526323 -0.267381 0.073381
0.238806 1.773340 -1.097011 0.195307 0.537366 -0.253402 0.073358
0.209780 1.737090 -1.093479 0.192856 0.561320 -0.272622 0.073340
0.217008 1.718177 -1.089942 0.188187 0.562333 -0.271749 0.073340
0.191504 1.712478 -1.095831 0.193079 0.584234 -0.272764 0.073347
0.203105 1.705450 -1.085014 0.189592 0.580363 -0.267487 0.073268
0.156043 1.670717 -1.089412 0.195897 0.602319 -0.271776 0.073421
0.156655 1.670682 -1.091640 0.186443 0.596800 -0.269192 0.073350
0.141279 1.655830 -1.087433 0.192064 0.620672 -0.271369 0.073392
0.130888 1.654605 -1.083993 0.187814 0.612767 -0.268073 0.073298
0.112856 1.639964 -1.085437 0.190158 0.627999 -0.274582 0.073395
0.110810 1.626850 -1.092185 0.189964 0.628416 -0.263377 0.073282
0.097887 1.613917 -1.082420 0.189896 0.647699 -0.271172 0.073370
0.078382 1.601511 -1.090520 0.191668 0.646219 -0.261575 0.073263
0.053509 1.576095 -1.077458 0.192185 0.654621 -0.270259 0.073462
0.031859 1.586459 -1.091199 0.191217 0.656350 -0.261140 0.073350
0.033945 1.566032 -1.079940 0.192128 0.670686 -0.269205 0.073409
0.009111 1.555411 -1.095266 0.192370 0.670625 -0.259395 0.073279
0.001217 1.536793 -1.087706 0.190332 0.671591 -0.270523 0.073268
-0.002858 1.544251 -1.093911 0.187545 0.668836 -0.276107 0.073354
-0.036948 1.518114 -1.095189 0.194337 0.683012 -0.272463 0.073326
-0.048146 1.521973 -1.087735 0.192435 0.685093 -0.269601 0.073340
-0.081661 1.498429 -1.082391 0.196325 0.701023 -0.273589 0.073346
-0.099201 1.516568 -1.087480 0.189226 0.699345 -0.274108 0.073387
-0.125161 1.480641 -1.079466 0.193584 0.705816 -0.276519 0.073376
-0.151557 1.501288 -1.080122 0.191486 0.710728 -0.270328 0.073374
-0.190816 1.494830 -1.077167 0.194494 0.723447 -0.272016 0.073346
-0.197666 1.500975 -1.083015 0.194368 0.722030 -0.271756 0.073342
-0.235450 1.486774 -1.073504 0.196972 0.730019 -0.272423 0.073359
-0.236761 1.479779 -1.084972 0.197571 0.728256 -0.264535 0.073350
-0.264375 1.466692 -1.065937 0.196306 0.744088 -0.273511 0.073412
-0.296070 1.483406 -1.078596 0.196379 0.745060 -0.270087 0.073425
-0.315388 1.470346 -1.063416 0.198590 0.743259 -0.273863 0.073405
-0.328261 1.461208 -1.082740 0.199346 0.745626 -0.262711 0.073377
-0.338457 1.473851 -1.084199 0.192310 0.740140 -0.269003 0.073380
-0.353050 1.466873 -1.091608 0.187510 0.739116 -0.271118 0.073386
-0.376076 1.463806 -1.092732 0.195648 0.750531 -0.271456 0.073362
-0.396312 1.460921 -1.088133 0.190773 0.750516 -0.264252 0.073328
-0.421817 1.458256 -1.079079 0.193182 0.756293 -0.273948 0.073379
-0.442753 1.465234 -1.094203 0.185609 0.756962 -0.270875 0.073359
-0.465022 1.453405 -1.076463 0.191126 0.763039 -0.277858 0.073358
-0.487701 1.463951 -1.085738 0.187232 0.767873 -0.265851 0.073314
-0.531790 1.474540 -1.076664 0.192087 0.770552 -0.273785 0.073362
-0.547484 1.466442 -1.088074 0.189704 0.772327 -0.271505 0.073396
-0.563716 1.470054 -1.076204 0.193167 0.778823 -0.278392 0.073369
-0.587231 1.463247 -1.083778 0.192902 0.779974 -0.267779 0.073357
-0.609292 1.459604 -1.067839 0.189637 0.777673 -0.275627 0.073356
-0.634144 1.466348 -1.087112 0.188751 0.782245 -0.274337 0.073422
-0.652978 1.467047 -1.066784 0.189803 0.782480 -0.282108 0.073372
-0.665612 1.461817 -1.085547 0.191937 0.790460 -0.269213 0.073340
-0.708094 1.456120 -1.081463 0.190487 0.758127 -0.273640 0.073295
-0.749609 1.478913 -1.092461 0.191206 0.761567 -0.269299 0.073364
-0.746379 1.462759 -1.083202 0.194730 0.760573 -0.277658 0.073337
-0.796310 1.473536 -1.085366 0.185982 0.752610 -0.266832 0.073341
-0.811325 1.460559 -1.081801 0.187443 0.742300 -0.275673 0.073283
-0.843803 1.465162 -1.094105 0.180710 0.751035 -0.268356 0.073327
-0.837768 1.467352 -1.077557 0.185272 0.738444 -0.278683 0.073329
-0.884098 1.462045 -1.082800 0.178959 0.739676 -0.267760 0.073320
-0.904582 1.461355 -1.075385 0.179707 0.737099 -0.269565 0.073390
-0.946405 1.466885 -1.091600 0.177527 0.732783 -0.264513 0.073344
-0.927668 1.472907 -1.071779 0.177817 0.734146 -0.275312 0.073402
-0.982929 1.463582 -1.081816 0.176313 0.716645 -0.264869 0.073347
-0.985789 1.459418 -1.071239 0.169502 0.717448 -0.272504 0.073364
-1.030241 1.464001 -1.092541 0.167961 0.714454 -0.265964 0.073366
-1.008236 1.471501 -1.073245 0.166771 0.710546 -0.277800 0.073378
-1.048934 1.458482 -1.085184 0.170982 0.695542 -0.265809 0.073320
-1.113186 1.492615 -1.075143 0.156850 0.679248 -0.278975 0.073326
-1.134453 1.485930 -1.104158 0.150110 0.675618 -0.272475 0.073380
-1.137330 1.490488 -1.082559 0.154155 0.676493 -0.282349 0.073339
-1.156994 1.478295 -1.092264 0.147479 0.675152 -0.266448 0.073367
-1.166831 1.510485 -1.090113 0.156639 0.674196 -0.281851 0.073275
-1.171783 1.474624 -1.106174 0.147621 0.671262 -0.268760 0.073305
-1.178380 1.513695 -1.086184 0.150523 0.667167 -0.282812 0.073282
-1.191309 1.472881 -1.089963 0.144510 0.667987 -0.265610 0.073300
-1.191567 1.490257 -1.076235 0.146467 0.679901 -0.279138 0.073362
-1.201669 1.499319 -1.098746 0.144514 0.665807 -0.264761 0.073325
-1.203200 1.501545 -1.074196 0.141900 0.675221 -0.281601 0.073360
-1.231952 1.490592 -1.090952 0.145527 0.665007 -0.260082 0.073353
-1.215383 1.501596 -1.081581 0.145623 0.670407 -0.277593 0.073315
-1.220544 1.498159 -1.097816 0.143218 0.659696 -0.261663 0.073350
-1.225866 1.520682 -1.079924 0.141263 0.662607 -0.280560 0.073327
-1.239046 1.486931 -1.090648 0.143743 0.660705 -0.256695 0.073340
-1.220976 1.492310 -1.083872 0.144756 0.671845 -0.279475 0.073674
-1.225621 1.471113 -1.090390 0.142404 0.672915 -0.259072 0.074080
-1.208296 1.486285 -1.081137 0.148215 0.676952 -0.281211 0.074725
-1.220971 1.465884 -1.088527 0.145543 0.678421 -0.270066 0.076008
-1.226223 1.497968 -1.075596 0.145936 0.677708 -0.284188 0.076210
-1.233824 1.463982 -1.091164 0.146048 0.685362 -0.260799 0.077350
-1.216157 1.490450 -1.078212 0.149949 0.680321 -0.283463 0.077928
-1.232405 1.465913 -1.085708 0.146694 0.684599 -0.265237 0.078962
-1.200841 1.496429 -1.063733 0.150231 0.687627 -0.282408 0.080329
-1.198779 1.477533 -1.078675 0.151473 0.695065 -0.267716 0.080646
-1.200005 1.499147 -1.070535 0.150133 0.690300 -0.285301 0.080910
-1.210117 1.466256 -1.087080 0.155363 0.693554 -0.258729 0.080957
-1.204706 1.495136 -1.058859 0.153002 0.686612 -0.281569 0.081034
-1.205237 1.471832 -1.075564 0.153438 0.695662 -0.263528 0.081107
-1.209375 1.492650 -1.074078 0.156498 0.689206 -0.282941 0.081164
-1.206323 1.464054 -1.083238 0.156255 0.696567 -0.253666 0.081170
-1.211306 1.500215 -1.084574 0.149380 0.709255 -0.283187 0.081142
-1.195725 1.477559 -1.094882 0.147873 0.705844 -0.284441 0.081216
-1.206398 1.501152 -1.079597 0.152091 0.700694 -0.281181 0.081207
-1.196635 1.472188 -1.087790 0.151604 0.704514 -0.282760 0.081455
-1.223206 1.500591 -1.080840 0.155767 0.696150 -0.285278 0.081247
-1.201192 1.471932 -1.093186 0.153154 0.697047 -0.284475 0.081170
-1.215655 1.493640 -1.078938 0.158926 0.690147 -0.284835 0.081290
-1.210295 1.474138 -1.084897 0.155591 0.693304 -0.282573 0.081359
-1.205376 1.497257 -1.065007 0.164947 0.693260 -0.287252 0.081282
-1.204958 1.484273 -1.082218 0.163940 0.680635 -0.278199 0.081242
-1.201191 1.508725 -1.062748 0.165313 0.685052 -0.286521 0.081230
-1.193292 1.479416 -1.078347 0.167001 0.683777 -0.272673 0.081367
-1.208683 1.494028 -1.057481 0.171027 0.677897 -0.286902 0.081293
-1.208850 1.480154 -1.074083 0.169746 0.667745 -0.277556 0.081219
-1.205716 1.500309 -1.064006 0.174873 0.672331 -0.287724 0.081261
-1.197951 1.477942 -1.073114 0.173483 0.673473 -0.273632 0.081277
-1.231016 1.521873 -1.099021 0.206917 0.670695 -0.282969 0.081202
-1.217376 1.477653 -1.074467 0.196968 0.669246 -0.291352 0.081237
-1.212209 1.494166 -1.082114 0.210950 0.658475 -0.285573 0.081173
-1.199479 1.465721 -1.076158 0.200479 0.650804 -0.295746 0.081240
-1.209433 1.472795 -1.061965 0.207666 0.641912 -0.286202 0.081218
-1.191447 1.438589 -1.047106 0.203933 0.629774 -0.294971 0.081176
-1.185267 1.440199 -1.054581 0.213155 0.626897 -0.287618 0.081205
-1.176075 1.434368 -1.046052 0.202829 0.614303 -0.298541 0.081174
-1.147475 1.403379 -1.006369 0.211735 0.591936 -0.292806 0.081185
-1.151274 1.400139 -0.994231 0.211290 0.587084 -0.289054 0.081196
-1.125939 1.391714 -0.985858 0.213909 0.586340 -0.297722 0.081148
-1.127929 1.390630 -0.989322 0.206823 0.568731 -0.290855 0.081195
-1.095754 1.352619 -0.947512 0.211015 0.556344 -0.295525 0.081193
-1.115098 1.361092 -0.959214 0.219471 0.547335 -0.289278 0.081181
-1.064570 1.337295 -0.948798 0.218267 0.546586 -0.297988 0.081179
-1.079344 1.356978 -0.959394 0.212462 0.536789 -0.290152 0.081143
